Поиск характерной точки графика функции
Функция: Y(X) = x^2 - e^x
Ищется точка, в которой функция равна -10.0

Начальное значение X0: Шаг изменения аргумента h: 
   Шаг              X               Y(X)
     0       0,000000          -1,000000
     1       0,100000          -1,095171
     2       0,200000          -1,181403
     3       0,300000          -1,259859
     4       0,400000          -1,331825
     5       0,500000          -1,398721
     6       0,600000          -1,462119
     7       0,700000          -1,523753
     8       0,800000          -1,585541
     9       0,900000          -1,649603
    10       1,000000          -1,718282
    11       1,100000          -1,794166
    12       1,200000          -1,880117
    13       1,300000          -1,979297
    14       1,400000          -2,095200
   ...            ...                ...
    26       2,600000          -6,703738
    27       2,700000          -7,589732
    28       2,800000          -8,604647
    29       2,900000          -9,764145
    30       3,000000         -11,085537

Характерная точка пройдена на шаге 30.
Уточнённые координаты: X = 2,918827, Y(X) = -10,000000
